
NUMPOLLIES 36

// Floor
-10.5  0.0  0.5  0.0  0.0
 1.5   0.0  0.5  12.0 0.0
 1.5   0.0 -11.5 12.0  12.0

-10.5  0.0  0.5  0.0  0.0
 1.5   0.0 -11.5 12.0 12.0
-10.5  0.0 -11.5 0.0  12.0



// Zid0
-10.5  0.0 -11.5 0.0  0.0
 1.5   0.0 -11.5 12.0 0.0
 1.5   1.0 -11.5 12.0 1.0
-10.5  0.0 -11.5 0.0  0.0
 1.5   1.0 -11.5 12.0 1.0
-10.5  1.0 -11.5 0.0  1.0

// Zid1
 1.5   0.0 -11.5 0.0  0.0
 1.5   0.0  0.5  12.0 0.0
 1.5   1.0  0.5  12.0 1.0
 1.5   0.0 -11.5 0.0  0.0
 1.5   1.0  0.5  12.0 1.0
 1.5   1.0 -11.5 0.0  1.0

// Zid2
-10.5  0.0  0.5  0.0  0.0
 1.5   0.0  0.5  12.0 0.0
 1.5   1.0  0.5  12.0 1.0
-10.5  0.0  0.5  0.0  0.0
 1.5   1.0  0.5  12.0 1.0
-10.5  1.0  0.5  0.0  1.0

// Zid3
-10.5  0.0  0.5  0.0  0.0
-10.5  0.0 -11.5 12.0  0.0
-10.5  1.0 -11.5 12.0  1.0
-10.5  0.0  0.5  0.0  0.0
-10.5  1.0 -11.5 12.0  1.0
-10.5  1.0  0.5  0.0  1.0


// A1 - B1 - L
-0.5  0.0  0.5  0.0  0.0
-0.5  0.0 -1.5  2.0  0.0
-0.5  1.0 -1.5  2.0  1.0
-0.5  0.0  0.5  0.0  0.0
-0.5  1.0 -1.5  2.0  1.0
-0.5  1.0  0.5  0.0  1.0


// B1 - Z
-0.5  0.0 -1.5  0.0  0.0
 0.5  0.0 -1.5  1.0  0.0
 0.5  1.0 -1.5  1.0  1.0
-0.5  0.0 -1.5  0.0  0.0
 0.5  1.0 -1.5  1.0  1.0
-0.5  1.0 -1.5  0.0  1.0

// B0 - L
 0.5  0.0 -1.5  0.0  0.0
 0.5  0.0 -0.5  1.0  0.0
 0.5  1.0 -0.5  1.0  1.0
 0.5  0.0 -1.5  0.0  0.0
 0.5  1.0 -0.5  1.0  1.0
 0.5  1.0 -1.5  0.0  1.0

// Zid čez BCDE
-1.5  0.0 -0.5  0.0  0.0
-1.5  0.0 -3.5  3.0  0.0
-1.5  1.0 -3.5  3.0  1.0
-1.5  0.0 -0.5  0.0  0.0
-1.5  1.0 -0.5  0.0  1.0
-1.5  1.0 -3.5  3.0  1.0

// C1-2
-1.5  0.0 -2.5  0.0  0.0
 0.5  0.0 -2.5  2.0  0.0
 0.5  1.0 -2.5  2.0  1.0
-1.5  0.0 -2.5  0.0  0.0
-1.5  1.0 -2.5  0.0  1.0
 0.5  1.0 -2.5  2.0  1.0

 // D0 - 1 - Z
-0.5  0.0 -3.5  0.0  0.0
 1.5  0.0 -3.5  2.0  0.0
 1.5  1.0 -3.5  2.0  1.0
-0.5  0.0 -3.5  0.0  0.0
-0.5  1.0 -3.5  0.0  1.0
 1.5  1.0 -3.5  2.0  1.0

// E1 - L
-0.5  0.0 -3.5  0.0  0.0
-0.5  0.0 -4.5  1.0  0.0
-0.5  1.0 -4.5  1.0  1.0
-0.5  0.0 -3.5  0.0  0.0
-0.5  1.0 -3.5  0.0  1.0
-0.5  1.0 -4.5  1.0  1.0

// E2-3
-2.5  0.0 -4.5  0.0  0.0
-0.5  0.0 -4.5  2.0  0.0
-0.5  1.0 -4.5  2.0  1.0
-2.5  0.0 -4.5  0.0  0.0
-2.5  1.0 -4.5  0.0  1.0
-0.5  1.0 -4.5  2.0  1.0

// E3 - L
-2.5  0.0 -3.5  0.0  0.0
-2.5  0.0 -4.5  1.0  0.0
-2.5  1.0 -4.5  1.0  1.0
-2.5  0.0 -3.5  0.0  0.0
-2.5  1.0 -3.5  0.0  1.0
-2.5  1.0 -4.5  1.0  1.0

// D3 - Z
-2.5  0.0 -3.5  0.0  0.0
-1.5  0.0 -3.5  1.0  0.0
-1.5  1.0 -3.5  1.0  1.0
-2.5  0.0 -3.5  0.0  0.0
-2.5  1.0 -3.5  0.0  1.0
-1.5  1.0 -3.5  1.0  1.0

// B5 - L
-2.5  0.0 -0.5  0.0  0.0
-2.5  0.0 -2.5  2.0  0.0
-2.5  1.0 -2.5  2.0  1.0
-2.5  0.0 -0.5  0.0  0.0
-2.5  1.0 -0.5  0.0  1.0
-2.5  1.0 -2.5  2.0  1.0

// A4 - L
-3.5  0.0  0.5  0.0  0.0
-3.5  0.0 -0.5  1.0  0.0
-3.5  1.0 -0.5  1.0  1.0
-3.5  0.0  0.5  0.0  0.0
-3.5  1.0  0.5  0.0  1.0
-3.5  1.0 -0.5  1.0  1.0

// A5 - L
-4.5  0.0  0.5  0.0  0.0
-4.5  0.0 -1.5  2.0  0.0
-4.5  1.0 -1.5  2.0  1.0
-4.5  0.0  0.5  0.0  0.0
-4.5  1.0  0.5  0.0  1.0
-4.5  1.0 -1.5  2.0  1.0

// B5 - Z
-4.5  0.0 -1.5  0.0  0.0
-3.5  0.0 -1.5  1.0  0.0
-3.5  1.0 -1.5  1.0  1.0
-4.5  0.0 -1.5  0.0  0.0
-4.5  1.0 -1.5  0.0  1.0
-3.5  1.0 -1.5  1.0  1.0

// BC3
-2.5  0.0 -0.5  0.0  0.0
-2.5  0.0 -2.5  2.0  0.0
-2.5  1.0 -2.5  2.0  1.0
-2.5  0.0 -0.5  0.0  0.0
-2.5  1.0 -0.5  0.0  1.0
-2.5  1.0 -2.5  2.0  1.0

// C4 - Z
-3.5  0.0 -2.5  0.0  0.0
-2.5  0.0 -2.5  1.0  0.0
-2.5  1.0 -2.5  1.0  1.0
-3.5  0.0 -2.5  0.0  0.0
-3.5  1.0 -2.5  0.0  1.0
-2.5  1.0 -2.5  1.0  1.0

// CDE4 
-3.5  0.0 -1.5  0.0  0.0
-3.5  0.0 -4.5  3.0  0.0
-3.5  1.0 -4.5  3.0  1.0
-3.5  0.0 -1.5  0.0  0.0
-3.5  1.0 -1.5  0.0  1.0
-3.5  1.0 -4.5  3.0  1.0

// E6-5
-5.5  0.0 -4.5  0.0  0.0
-3.5  0.0 -4.5  2.0  0.0
-3.5  1.0 -4.5  2.0  1.0
-5.5  0.0 -4.5  0.0  0.0
-5.5  1.0 -4.5  0.0  1.0
-3.5  1.0 -4.5  2.0  1.0

// F6-1
-5.5  0.0 -5.5  0.0  0.0
 0.5  0.0 -5.5  5.0  0.0
 0.5  1.0 -5.5  5.0  1.0
-5.5  0.0 -5.5  0.0  0.0
-5.5  1.0 -5.5  0.0  1.0
 0.5  1.0 -5.5  5.0  1.0

// F0 - L
 0.5  0.0 -5.5  0.0  0.0
 0.5  0.0 -4.5  1.0  0.0
 0.5  1.0 -4.5  1.0  1.0
 0.5  0.0 -5.5  0.0  0.0
 0.5  1.0 -5.5  0.0  1.0
 0.5  1.0 -4.5  1.0  1.0

// FGH6
-5.5  0.0 -4.5  0.0  0.0
-5.5  0.0 -7.5  3.0  0.0
-5.5  1.0 -7.5  3.0  1.0
-5.5  0.0 -4.5  0.0  0.0
-5.5  1.0 -4.5  0.0  1.0
-5.5  1.0 -7.5  3.0  1.0

// G1 - L
-0.5  0.0 -6.5  0.0  0.0
-0.5  0.0 -5.5  1.0  0.0
-0.5  1.0 -5.5  1.0  1.0
-0.5  0.0 -6.5  0.0  0.0
-0.5  1.0 -6.5  0.0  1.0
-0.5  1.0 -5.5  1.0  1.0

// HI0
 0.5  0.0 -8.5  0.0  0.0
 0.5  0.0 -6.5  2.0  0.0
 0.5  1.0 -6.5  2.0  1.0
 0.5  0.0 -8.5  0.0  0.0
 0.5  1.0 -8.5  0.0  1.0
 0.5  1.0 -6.5  2.0  1.0

// HI3
-2.5  0.0 -8.5  0.0  0.0
-2.5  0.0 -6.5  2.0  0.0
-2.5  1.0 -6.5  2.0  1.0
-2.5  0.0 -8.5  0.0  0.0
-2.5  1.0 -8.5  0.0  1.0
-2.5  1.0 -6.5  2.0  1.0


// H2-1
-1.5  0.0 -7.5  0.0  0.0
 0.5  0.0 -7.5  2.0  0.0
 0.5  1.0 -7.5  2.0  1.0
-1.5  0.0 -7.5  0.0  0.0
-1.5  1.0 -7.5  0.0  1.0
 0.5  1.0 -7.5  2.0  1.0

// H2 - L
-1.5  0.0 -6.5  0.0  0.0
-1.5  0.0 -7.5  1.0  0.0
-1.5  1.0 -7.5  1.0  1.0
-1.5  0.0 -6.5  0.0  0.0
-1.5  1.0 -6.5  0.0  1.0
-1.5  1.0 -7.5  1.0  1.0

// G5-3
-4.5  0.0 -6.5  0.0  0.0
-1.5  0.0 -6.5  3.0  0.0
-1.5  1.0 -6.5  3.0  1.0
-4.5  0.0 -6.5  0.0  0.0
-4.5  1.0 -6.5  0.0  1.0
-1.5  1.0 -6.5  3.0  1.0

// J1-0
-0.5  0.0 -9.5  0.0  0.0
 1.5  0.0 -9.5  2.0  0.0
 1.5  1.0 -9.5  2.0  1.0
-0.5  0.0 -9.5  0.0  0.0
-0.5  1.0 -9.5  0.0  1.0
 1.5  1.0 -9.5  2.0  1.0

// J1 - L
-0.5  0.0 -8.5  0.0  0.0
-0.5  0.0 -9.5  1.0  0.0
-0.5  1.0 -9.5  1.0  1.0
-0.5  0.0 -8.5  0.0  0.0
-0.5  1.0 -8.5  0.0  1.0
-0.5  1.0 -9.5  1.0  1.0

// K2 - L
-1.5  0.0 -10.5  0.0  0.0
-1.5  0.0  -9.5  1.0  0.0
-1.5  1.0  -9.5  1.0  1.0
-1.5  0.0 -10.5  0.0  0.0
-1.5  1.0 -10.5  0.0  1.0
-1.5  1.0  -9.5  1.0  1.0


// J6-2
-5.5  0.0 -9.5  0.0  0.0
-1.5  0.0 -9.5  4.0  0.0
-1.5  1.0 -9.5  4.0  1.0
-5.5  0.0 -9.5  0.0  0.0
-5.5  1.0 -9.5  0.0  1.0
-1.5  1.0 -9.5  4.0  1.0

// I6-2
-5.5  0.0 -8.5  0.0  0.0
-0.5  0.0 -8.5  5.0  0.0
-0.5  1.0 -8.5  5.0  1.0
-5.5  0.0 -8.5  0.0  0.0
-5.5  1.0 -8.5  0.0  1.0
-0.5  1.0 -8.5  5.0  1.0

// I10-8
-9.5  0.0 -8.5  0.0  0.0
-6.5  0.0 -8.5  3.0  0.0
-6.5  1.0 -8.5  3.0  1.0
-9.5  0.0 -8.5  0.0  0.0
-9.5  1.0 -8.5  0.0  1.0
-6.5  1.0 -8.5  3.0  1.0

// H10-5
-9.5  0.0 -7.5  0.0  0.0
-3.5  0.0 -7.5  6.0  0.0
-3.5  1.0 -7.5  6.0  1.0
-9.5  0.0 -7.5  0.0  0.0
-9.5  1.0 -7.5  0.0  1.0
-3.5  1.0 -7.5  6.0  1.0

// K10-1
-9.5  0.0 -10.5  0.0  0.0
 0.5  0.0 -10.5  9.0  0.0
 0.5  1.0 -10.5  9.0  1.0
-9.5  0.0 -10.5  0.0  0.0
-9.5  1.0 -10.5  0.0  1.0
 0.5  1.0 -10.5  9.0  1.0

// I10 - L
-9.5  0.0 -8.5  0.0  0.0
-9.5  0.0 -7.5  1.0  0.0
-9.5  1.0 -7.5  1.0  1.0
-9.5  0.0 -8.5  0.0  0.0
-9.5  1.0 -8.5  0.0  1.0
-9.5  1.0 -7.5  1.0  1.0

// JK7
-6.5  0.0  -8.5  0.0  0.0
-6.5  0.0 -10.5  2.0  0.0
-6.5  1.0 -10.5  2.0  1.0
-6.5  0.0  -8.5  0.0  0.0
-6.5  1.0  -8.5  0.0  1.0
-6.5  1.0 -10.5  2.0  1.0

// J11-9
-10.5  0.0 -9.5  0.0  0.0
 -7.5  0.0 -9.5  3.0  0.0
 -7.5  1.0 -9.5  3.0  1.0
-10.5  0.0 -9.5  0.0  0.0
-10.5  1.0 -9.5  0.0  1.0
 -7.5  1.0 -9.5  3.0  1.0

// G10-8
-9.5  0.0 -6.5  0.0  0.0
-6.5  0.0 -6.5  3.0  0.0
-6.5  1.0 -6.5  3.0  1.0
-9.5  0.0 -6.5  0.0  0.0
-9.5  1.0 -6.5  0.0  1.0
-6.5  1.0 -6.5  3.0  1.0
